function height()

% Data from Galton's study
x=[61.70,61.70,61.70,61.70,61.70,62.20,62.20,62.20,62.20,62.20,62.20,62.20,63.20,63.20,63.20,63.20,63.20,63.20,63.20,63.20,63.20,63.20,63.20,63.20,63.20,63.20,63.20,63.20,63.20,63.20,63.20,63.20,63.20,63.20,63.20,63.20,63.20,63.20,63.20,63.20,63.20,63.20,63.20,63.20,64.20,64.20,64.20,64.20,64.20,64.20,64.20,64.20,64.20,64.20,64.20,64.20,64.20,64.20,64.20,64.20,64.20,64.20,64.20,64.20,64.20,64.20,64.20,64.20,64.20,64.20,64.20,64.20,64.20,64.20,64.20,64.20,64.20,64.20,64.20,64.20,64.20,64.20,64.20,64.20,64.20,64.20,64.20,64.20,64.20,64.20,64.20,64.20,64.20,64.20,64.20,64.20,64.20,64.20,64.20,64.20,64.20,64.20,64.20,65.20,65.20,65.20,65.20,65.20,65.20,65.20,65.20,65.20,65.20,65.20,65.20,65.20,65.20,65.20,65.20,65.20,65.20,65.20,65.20,65.20,65.20,65.20,65.20,65.20,65.20,65.20,65.20,65.20,65.20,65.20,65.20,65.20,65.20,65.20,65.20,65.20,65.20,65.20,65.20,65.20,65.20,65.20,65.20,65.20,65.20,65.20,65.20,66.20,66.20,66.20,66.20,66.20,66.20,66.20,66.20,66.20,66.20,66.20,66.20,66.20,66.20,66.20,66.20,66.20,66.20,66.20,66.20,66.20,66.20,66.20,66.20,66.20,66.20,66.20,66.20,66.20,66.20,66.20,66.20,66.20,66.20,66.20,66.20,66.20,66.20,66.20,66.20,66.20,66.20,66.20,66.20,66.20,66.20,66.20,66.20,66.20,66.20,66.20,66.20,66.20,66.20,66.20,66.20,66.20,66.20,66.20,66.20,66.20,66.20,66.20,66.20,66.20,66.20,66.20,66.20,66.20,66.20,66.20,66.20,66.20,66.20,66.20,66.20,66.20,66.20,66.20,66.20,66.20,66.20,66.20,66.20,66.20,66.20,66.20,66.20,66.20,66.20,66.20,66.20,66.20,66.20,66.20,66.20,66.20,66.20,66.20,66.20,66.20,66.20,66.20,66.20,66.20,66.20,66.20,66.20,66.20,66.20,66.20,66.20,66.20,66.20,66.20,66.20,66.20,67.20,67.20,67.20,67.20,67.20,67.20,67.20,67.20,67.20,67.20,67.20,67.20,67.20,67.20,67.20,67.20,67.20,67.20,67.20,67.20,67.20,67.20,67.20,67.20,67.20,67.20,67.20,67.20,67.20,67.20,67.20,67.20,67.20,67.20,67.20,67.20,67.20,67.20,67.20,67.20,67.20,67.20,67.20,67.20,67.20,67.20,67.20,67.20,67.20,67.20,67.20,67.20,67.20,67.20,67.20,67.20,67.20,67.20,67.20,67.20,67.20,67.20,67.20,67.20,67.20,67.20,67.20,67.20,67.20,67.20,67.20,67.20,67.20,67.20,67.20,67.20,67.20,67.20,67.20,67.20,67.20,67.20,67.20,67.20,67.20,67.20,67.20,67.20,67.20,67.20,67.20,67.20,67.20,67.20,67.20,67.20,67.20,67.20,67.20,67.20,67.20,67.20,67.20,67.20,67.20,67.20,67.20,67.20,67.20,67.20,67.20,67.20,67.20,67.20,67.20,67.20,67.20,67.20,67.20,67.20,67.20,67.20,67.20,67.20,67.20,67.20,67.20,67.20,67.20,67.20,67.20,67.20,67.20,67.20,67.20,67.20,67.20,67.20,68.20,68.20,68.20,68.20,68.20,68.20,68.20,68.20,68.20,68.20,68.20,68.20,68.20,68.20,68.20,68.20,68.20,68.20,68.20,68.20,68.20,68.20,68.20,68.20,68.20,68.20,68.20,68.20,68.20,68.20,68.20,68.20,68.20,68.20,68.20,68.20,68.20,68.20,68.20,68.20,68.20,68.20,68.20,68.20,68.20,68.20,68.20,68.20,68.20,68.20,68.20,68.20,68.20,68.20,68.20,68.20,68.20,68.20,68.20,68.20,68.20,68.20,68.20,68.20,68.20,68.20,68.20,68.20,68.20,68.20,68.20,68.20,68.20,68.20,68.20,68.20,68.20,68.20,68.20,68.20,68.20,68.20,68.20,68.20,68.20,68.20,68.20,68.20,68.20,68.20,68.20,68.20,68.20,68.20,68.20,68.20,68.20,68.20,68.20,68.20,68.20,68.20,68.20,68.20,68.20,68.20,68.20,68.20,68.20,68.20,68.20,68.20,68.20,68.20,68.20,68.20,68.20,68.20,68.20,68.20,69.20,69.20,69.20,69.20,69.20,69.20,69.20,69.20,69.20,69.20,69.20,69.20,69.20,69.20,69.20,69.20,69.20,69.20,69.20,69.20,69.20,69.20,69.20,69.20,69.20,69.20,69.20,69.20,69.20,69.20,69.20,69.20,69.20,69.20,69.20,69.20,69.20,69.20,69.20,69.20,69.20,69.20,69.20,69.20,69.20,69.20,69.20,69.20,69.20,69.20,69.20,69.20,69.20,69.20,69.20,69.20,69.20,69.20,69.20,69.20,69.20,69.20,69.20,69.20,69.20,69.20,69.20,69.20,69.20,69.20,69.20,69.20,69.20,69.20,69.20,69.20,69.20,69.20,69.20,69.20,69.20,69.20,69.20,69.20,69.20,69.20,69.20,69.20,69.20,69.20,69.20,69.20,69.20,69.20,69.20,69.20,69.20,69.20,69.20,69.20,69.20,69.20,69.20,69.20,69.20,69.20,69.20,69.20,69.20,69.20,69.20,69.20,69.20,69.20,69.20,69.20,69.20,69.20,69.20,69.20,69.20,69.20,69.20,69.20,69.20,69.20,69.20,69.20,69.20,69.20,69.20,69.20,69.20,69.20,69.20,69.20,69.20,69.20,69.20,69.20,69.20,69.20,69.20,69.20,69.20,69.20,69.20,69.20,69.20,69.20,69.20,69.20,69.20,69.20,69.20,69.20,69.20,69.20,69.20,69.20,69.20,69.20,69.20,69.20,69.20,69.20,69.20,70.20,70.20,70.20,70.20,70.20,70.20,70.20,70.20,70.20,70.20,70.20,70.20,70.20,70.20,70.20,70.20,70.20,70.20,70.20,70.20,70.20,70.20,70.20,70.20,70.20,70.20,70.20,70.20,70.20,70.20,70.20,70.20,70.20,70.20,70.20,70.20,70.20,70.20,70.20,70.20,70.20,70.20,70.20,70.20,70.20,70.20,70.20,70.20,70.20,70.20,70.20,70.20,70.20,70.20,70.20,70.20,70.20,70.20,70.20,70.20,70.20,70.20,70.20,70.20,70.20,70.20,70.20,70.20,70.20,70.20,70.20,70.20,70.20,70.20,70.20,70.20,70.20,70.20,70.20,70.20,70.20,70.20,70.20,70.20,70.20,70.20,70.20,70.20,70.20,70.20,70.20,70.20,70.20,70.20,70.20,70.20,70.20,70.20,70.20,71.20,71.20,71.20,71.20,71.20,71.20,71.20,71.20,71.20,71.20,71.20,71.20,71.20,71.20,71.20,71.20,71.20,71.20,71.20,71.20,71.20,71.20,71.20,71.20,71.20,71.20,71.20,71.20,71.20,71.20,71.20,71.20,71.20,71.20,71.20,71.20,71.20,71.20,71.20,71.20,71.20,71.20,71.20,71.20,71.20,71.20,71.20,71.20,71.20,71.20,71.20,71.20,71.20,71.20,71.20,71.20,71.20,71.20,71.20,71.20,71.20,71.20,71.20,71.20,72.20,72.20,72.20,72.20,72.20,72.20,72.20,72.20,72.20,72.20,72.20,72.20,72.20,72.20,72.20,72.20,72.20,72.20,72.20,72.20,72.20,72.20,72.20,72.20,72.20,72.20,72.20,72.20,72.20,72.20,72.20,72.20,72.20,72.20,72.20,72.20,72.20,72.20,72.20,72.20,72.20,73.20,73.20,73.20,73.20,73.20,73.20,73.20,73.20,73.20,73.20,73.20,73.20,73.20,73.20,73.20,73.20,73.20,73.70,73.70,73.70,73.70,73.70,73.70,73.70,73.70,73.70,73.70,73.70,73.70,73.70,73.70];
